Supplemental results for CODEML (seqf: GJB3_especies.phy  treef: GJB3_especies.nwk)


Model 1: NearlyNeutral

MLEs of dN/dS (w) for site classes (K=2)

p:   0.86094  0.13906
w:   0.03570  1.00000

Naive Empirical Bayes (NEB) probabilities for 2 classes & postmean_w
(amino acids refer to 1st sequence: Homo_sapiens)

   1 M   0.99998 0.00002 ( 1)  0.036
   2 D   1.00000 0.00000 ( 1)  0.036
   3 W   0.99851 0.00149 ( 1)  0.037
   4 K   0.99992 0.00008 ( 1)  0.036
   5 T   0.00621 0.99379 ( 2)  0.994
   6 L   0.99993 0.00007 ( 1)  0.036
   7 Q   0.98102 0.01898 ( 1)  0.054
   8 A   0.99907 0.00093 ( 1)  0.037
   9 L   0.95654 0.04346 ( 1)  0.078
  10 L   0.99780 0.00220 ( 1)  0.038
  11 S   0.99738 0.00262 ( 1)  0.038
  12 G   0.99981 0.00019 ( 1)  0.036
  13 V   0.99989 0.00011 ( 1)  0.036
  14 N   1.00000 0.00000 ( 1)  0.036
  15 K   0.99991 0.00009 ( 1)  0.036
  16 Y   0.99995 0.00005 ( 1)  0.036
  17 S   1.00000 0.00000 ( 1)  0.036
  18 T   0.98901 0.01099 ( 1)  0.046
  19 A   0.99931 0.00069 ( 1)  0.036
  20 F   0.99996 0.00004 ( 1)  0.036
  21 G   0.99992 0.00008 ( 1)  0.036
  22 R   1.00000 0.00000 ( 1)  0.036
  23 I   1.00000 0.00000 ( 1)  0.036
  24 W   0.99851 0.00149 ( 1)  0.037
  25 L   0.99789 0.00211 ( 1)  0.038
  26 S   0.99831 0.00169 ( 1)  0.037
  27 V   0.99986 0.00014 ( 1)  0.036
  28 V   0.99988 0.00012 ( 1)  0.036
  29 F   0.99997 0.00003 ( 1)  0.036
  30 V   1.00000 0.00000 ( 1)  0.036
  31 F   1.00000 0.00000 ( 1)  0.036
  32 R   0.99989 0.00011 ( 1)  0.036
  33 V   0.99991 0.00009 ( 1)  0.036
  34 L   0.99779 0.00221 ( 1)  0.038
  35 V   0.99989 0.00011 ( 1)  0.036
  36 Y   1.00000 0.00000 ( 1)  0.036
  37 V   0.99989 0.00011 ( 1)  0.036
  38 V   0.99988 0.00012 ( 1)  0.036
  39 A   0.99970 0.00030 ( 1)  0.036
  40 A   0.98670 0.01330 ( 1)  0.049
  41 E   0.99992 0.00008 ( 1)  0.036
  42 R   1.00000 0.00000 ( 1)  0.036
  43 V   0.99989 0.00011 ( 1)  0.036
  44 W   0.99851 0.00149 ( 1)  0.037
  45 G   0.99982 0.00018 ( 1)  0.036
  46 D   1.00000 0.00000 ( 1)  0.036
  47 E   0.99993 0.00007 ( 1)  0.036
  48 Q   0.99930 0.00070 ( 1)  0.036
  49 K   0.99992 0.00008 ( 1)  0.036
  50 D   1.00000 0.00000 ( 1)  0.036
  51 F   0.99673 0.00327 ( 1)  0.039
  52 D   1.00000 0.00000 ( 1)  0.036
  53 C   1.00000 0.00000 ( 1)  0.036
  54 N   1.00000 0.00000 ( 1)  0.036
  55 T   1.00000 0.00000 ( 1)  0.036
  56 K   0.89376 0.10624 ( 1)  0.138
  57 Q   0.99932 0.00068 ( 1)  0.036
  58 P   0.99980 0.00020 ( 1)  0.036
  59 G   1.00000 0.00000 ( 1)  0.036
  60 C   1.00000 0.00000 ( 1)  0.036
  61 T   1.00000 0.00000 ( 1)  0.036
  62 N   1.00000 0.00000 ( 1)  0.036
  63 V   1.00000 0.00000 ( 1)  0.036
  64 C   1.00000 0.00000 ( 1)  0.036
  65 Y   0.99984 0.00016 ( 1)  0.036
  66 D   1.00000 0.00000 ( 1)  0.036
  67 N   0.01908 0.98092 ( 2)  0.982
  68 Y   0.99878 0.00122 ( 1)  0.037
  69 F   1.00000 0.00000 ( 1)  0.036
  70 P   1.00000 0.00000 ( 1)  0.036
  71 I   0.99995 0.00005 ( 1)  0.036
  72 S   1.00000 0.00000 ( 1)  0.036
  73 N   1.00000 0.00000 ( 1)  0.036
  74 I   1.00000 0.00000 ( 1)  0.036
  75 R   1.00000 0.00000 ( 1)  0.036
  76 L   1.00000 0.00000 ( 1)  0.036
  77 W   0.99851 0.00149 ( 1)  0.037
  78 A   1.00000 0.00000 ( 1)  0.036
  79 L   0.99782 0.00218 ( 1)  0.038
  80 Q   0.99932 0.00068 ( 1)  0.036
  81 L   1.00000 0.00000 ( 1)  0.036
  82 I   1.00000 0.00000 ( 1)  0.036
  83 F   1.00000 0.00000 ( 1)  0.036
  84 V   1.00000 0.00000 ( 1)  0.036
  85 T   0.99913 0.00087 ( 1)  0.037
  86 C   1.00000 0.00000 ( 1)  0.036
  87 P   1.00000 0.00000 ( 1)  0.036
  88 S   0.99929 0.00071 ( 1)  0.036
  89 L   0.99782 0.00218 ( 1)  0.038
  90 L   0.99770 0.00230 ( 1)  0.038
  91 V   0.99998 0.00002 ( 1)  0.036
  92 I   0.99998 0.00002 ( 1)  0.036
  93 L   0.99887 0.00113 ( 1)  0.037
  94 H   0.99991 0.00009 ( 1)  0.036
  95 V   0.99989 0.00011 ( 1)  0.036
  96 A   1.00000 0.00000 ( 1)  0.036
  97 Y   1.00000 0.00000 ( 1)  0.036
  98 R   0.99806 0.00194 ( 1)  0.038
  99 E   0.99993 0.00007 ( 1)  0.036
 100 E   0.99596 0.00404 ( 1)  0.040
 101 R   0.99976 0.00024 ( 1)  0.036
 102 E   0.99992 0.00008 ( 1)  0.036
 103 R   0.99984 0.00016 ( 1)  0.036
 104 R   0.99978 0.00022 ( 1)  0.036
 105 H   0.99996 0.00004 ( 1)  0.036
 106 R   1.00000 0.00000 ( 1)  0.036
 107 Q   0.04049 0.95951 ( 2)  0.961
 108 K   0.99984 0.00016 ( 1)  0.036
 109 H   0.99662 0.00338 ( 1)  0.039
 110 G   0.99882 0.00118 ( 1)  0.037
 111 D   1.00000 0.00000 ( 1)  0.036
 112 Q   0.99932 0.00068 ( 1)  0.036
 113 C   1.00000 0.00000 ( 1)  0.036
 114 A   0.00066 0.99934 ( 2)  0.999
 115 K   0.99992 0.00008 ( 1)  0.036
 116 L   0.98997 0.01003 ( 1)  0.045
 117 Y   0.99999 0.00001 ( 1)  0.036
 118 D   1.00000 0.00000 ( 1)  0.036
 119 N   0.08865 0.91135 ( 2)  0.915
 120 A   0.07305 0.92695 ( 2)  0.930
 121 G   1.00000 0.00000 ( 1)  0.036
 122 K   0.99992 0.00008 ( 1)  0.036
 123 K   0.99992 0.00008 ( 1)  0.036
 124 H   0.99995 0.00005 ( 1)  0.036
 125 G   0.99987 0.00013 ( 1)  0.036
 126 G   0.99995 0.00005 ( 1)  0.036
 127 L   0.99956 0.00044 ( 1)  0.036
 128 W   0.99851 0.00149 ( 1)  0.037
 129 W   0.99851 0.00149 ( 1)  0.037
 130 T   1.00000 0.00000 ( 1)  0.036
 131 Y   1.00000 0.00000 ( 1)  0.036
 132 L   0.99791 0.00209 ( 1)  0.038
 133 F   0.00167 0.99833 ( 2)  0.998
 134 S   1.00000 0.00000 ( 1)  0.036
 135 L   1.00000 0.00000 ( 1)  0.036
 136 I   0.74445 0.25555 ( 1)  0.282
 137 F   1.00000 0.00000 ( 1)  0.036
 138 K   0.99992 0.00008 ( 1)  0.036
 139 L   1.00000 0.00000 ( 1)  0.036
 140 I   0.00075 0.99925 ( 2)  0.999
 141 I   1.00000 0.00000 ( 1)  0.036
 142 E   0.97051 0.02949 ( 1)  0.064
 143 F   0.99821 0.00179 ( 1)  0.037
 144 L   0.99746 0.00254 ( 1)  0.038
 145 F   1.00000 0.00000 ( 1)  0.036
 146 L   1.00000 0.00000 ( 1)  0.036
 147 Y   1.00000 0.00000 ( 1)  0.036
 148 L   0.06309 0.93691 ( 2)  0.939
 149 L   0.99787 0.00213 ( 1)  0.038
 150 H   1.00000 0.00000 ( 1)  0.036
 151 T   0.96344 0.03656 ( 1)  0.071
 152 L   1.00000 0.00000 ( 1)  0.036
 153 W   0.99851 0.00149 ( 1)  0.037
 154 H   0.00973 0.99027 ( 2)  0.991
 155 G   1.00000 0.00000 ( 1)  0.036
 156 F   1.00000 0.00000 ( 1)  0.036
 157 N   0.00000 1.00000 ( 2)  1.000
 158 M   0.99998 0.00002 ( 1)  0.036
 159 P   0.99712 0.00288 ( 1)  0.038
 160 R   1.00000 0.00000 ( 1)  0.036
 161 L   0.99814 0.00186 ( 1)  0.037
 162 V   0.99991 0.00009 ( 1)  0.036
 163 Q   0.99932 0.00068 ( 1)  0.036
 164 C   0.99980 0.00020 ( 1)  0.036
 165 A   0.97361 0.02639 ( 1)  0.061
 166 N   0.99871 0.00129 ( 1)  0.037
 167 V   0.99989 0.00011 ( 1)  0.036
 168 A   0.99980 0.00020 ( 1)  0.036
 169 P   1.00000 0.00000 ( 1)  0.036
 170 C   1.00000 0.00000 ( 1)  0.036
 171 P   1.00000 0.00000 ( 1)  0.036
 172 N   0.99996 0.00004 ( 1)  0.036
 173 I   0.00000 1.00000 ( 2)  1.000
 174 V   0.99970 0.00030 ( 1)  0.036
 175 D   1.00000 0.00000 ( 1)  0.036
 176 C   1.00000 0.00000 ( 1)  0.036
 177 Y   1.00000 0.00000 ( 1)  0.036
 178 I   0.99746 0.00254 ( 1)  0.038
 179 A   1.00000 0.00000 ( 1)  0.036
 180 R   0.99936 0.00064 ( 1)  0.036
 181 P   1.00000 0.00000 ( 1)  0.036
 182 T   1.00000 0.00000 ( 1)  0.036
 183 E   0.99990 0.00010 ( 1)  0.036
 184 K   0.99989 0.00011 ( 1)  0.036
 185 K   0.99955 0.00045 ( 1)  0.036
 186 I   0.95141 0.04859 ( 1)  0.083
 187 F   1.00000 0.00000 ( 1)  0.036
 188 T   1.00000 0.00000 ( 1)  0.036
 189 Y   1.00000 0.00000 ( 1)  0.036
 190 F   1.00000 0.00000 ( 1)  0.036
 191 M   0.99998 0.00002 ( 1)  0.036
 192 V   0.99989 0.00011 ( 1)  0.036
 193 G   0.99993 0.00007 ( 1)  0.036
 194 A   1.00000 0.00000 ( 1)  0.036
 195 S   0.99987 0.00013 ( 1)  0.036
 196 A   0.99994 0.00006 ( 1)  0.036
 197 V   0.96008 0.03992 ( 1)  0.074
 198 C   1.00000 0.00000 ( 1)  0.036
 199 I   1.00000 0.00000 ( 1)  0.036
 200 V   0.99966 0.00034 ( 1)  0.036
 201 L   1.00000 0.00000 ( 1)  0.036
 202 T   1.00000 0.00000 ( 1)  0.036
 203 I   0.99925 0.00075 ( 1)  0.036
 204 C   0.99677 0.00323 ( 1)  0.039
 205 E   0.99993 0.00007 ( 1)  0.036
 206 L   0.99997 0.00003 ( 1)  0.036
 207 C   1.00000 0.00000 ( 1)  0.036
 208 Y   1.00000 0.00000 ( 1)  0.036
 209 L   1.00000 0.00000 ( 1)  0.036
 210 I   0.98637 0.01363 ( 1)  0.049
 211 C   0.99902 0.00098 ( 1)  0.037
 212 H   1.00000 0.00000 ( 1)  0.036
 213 R   0.99987 0.00013 ( 1)  0.036
 214 V   0.99816 0.00184 ( 1)  0.037
 215 L   0.22155 0.77845 ( 2)  0.786
 216 R   0.00000 1.00000 ( 2)  1.000
 217 G   0.01539 0.98461 ( 2)  0.985
 218 L   0.00003 0.99997 ( 2)  1.000
 219 H   0.00001 0.99999 ( 2)  1.000
 220 K   0.88150 0.11850 ( 1)  0.150
 221 D   0.85188 0.14812 ( 1)  0.179
 222 K   0.01856 0.98144 ( 2)  0.982
 223 P   0.33058 0.66942 ( 2)  0.681
 224 R   0.00000 1.00000 ( 2)  1.000
 225 G   0.45059 0.54941 ( 2)  0.565
 226 G   0.23679 0.76321 ( 2)  0.772
 227 C   0.00000 1.00000 ( 2)  1.000
 228 S   0.00062 0.99938 ( 2)  0.999
 229 P   0.00002 0.99998 ( 2)  1.000
 230 S   0.00114 0.99886 ( 2)  0.999
 231 S   0.00862 0.99138 ( 2)  0.992
 232 S   0.84161 0.15839 ( 1)  0.188
 233 A   0.00000 1.00000 ( 2)  1.000
 234 S   1.00000 0.00000 ( 1)  0.036
 235 R   0.96422 0.03578 ( 1)  0.070
 236 A   0.99994 0.00006 ( 1)  0.036
 237 S   0.99993 0.00007 ( 1)  0.036
 238 T   0.99989 0.00011 ( 1)  0.036
 239 C   1.00000 0.00000 ( 1)  0.036
 240 R   0.99838 0.00162 ( 1)  0.037
 241 C   1.00000 0.00000 ( 1)  0.036
 242 H   1.00000 0.00000 ( 1)  0.036
 243 H   1.00000 0.00000 ( 1)  0.036
 244 K   0.99992 0.00008 ( 1)  0.036
 245 L   0.99704 0.00296 ( 1)  0.039
 246 V   0.99982 0.00018 ( 1)  0.036
 247 E   0.99733 0.00267 ( 1)  0.038
 248 A   0.77164 0.22836 ( 1)  0.256
 249 G   0.99586 0.00414 ( 1)  0.040
 250 E   0.93340 0.06660 ( 1)  0.100
 251 V   0.38617 0.61383 ( 2)  0.628
 252 D   0.06405 0.93595 ( 2)  0.938
 253 P   0.00000 1.00000 ( 2)  1.000
 254 D   0.25774 0.74226 ( 2)  0.751
 255 P   0.00338 0.99662 ( 2)  0.997
 256 G   0.89360 0.10640 ( 1)  0.138
 257 N   0.00000 1.00000 ( 2)  1.000
 258 N   0.99924 0.00076 ( 1)  0.036
 259 K   0.99678 0.00322 ( 1)  0.039
 260 L   0.00391 0.99609 ( 2)  0.996
 261 Q   0.00000 1.00000 ( 2)  1.000
 262 A   0.74626 0.25374 ( 1)  0.280
 263 S   0.99021 0.00979 ( 1)  0.045
 264 A   0.96355 0.03645 ( 1)  0.071
 265 P   1.00000 0.00000 ( 1)  0.036
 266 N   0.02565 0.97435 ( 2)  0.975
 267 L   0.04549 0.95451 ( 2)  0.956
 268 T   1.00000 0.00000 ( 1)  0.036
 269 P   1.00000 0.00000 ( 1)  0.036
 270 I   0.99939 0.00061 ( 1)  0.036


lnL = -4639.032381
