

Model 0: one-ratio

TREE # 1

  0  0.0000   8238.995628  x:  1.60000   0.90000  
  1 99.0000   8225.424791  x:  1.67897   0.60560  
  2 71.3184   8225.163949  x:  1.75389   0.61799  
  3  7.0650   8225.154796  x:  1.75790   0.61209  
  4  0.0131   8225.154790  x:  1.75830   0.61214  
  5  0.0004   8225.154790  x:  1.75829   0.61214  
  6  0.0000   8225.154790  x:  1.75829   0.61214  

Model 1: NearlyNeutral

TREE # 1

  0  0.0000   8061.497186  x:  1.75829   0.59334   0.59583  
  1 99.0000   7514.648012  x:  1.75880   0.72778   0.03365  
  2 714.2822   7507.558373  x:  1.75777   0.76316   0.02368  
  3 456.6300   7494.501514  x:  1.83488   0.82816   0.03504  
  4  2.1181   7491.673143  x:  1.57656   0.83280   0.03568  
  5 17.9279   7491.051579  x:  1.57277   0.82558   0.03956  
  6  0.0089   7490.993601  x:  1.57829   0.82958   0.04061  
  7  0.0066   7490.993369  x:  1.57648   0.82955   0.04066  
  8  0.0020   7490.993363  x:  1.57667   0.82953   0.04067  
  9  0.0002   7490.993363  x:  1.57667   0.82953   0.04067  

Model 2: PositiveSelection

TREE # 1

  0  0.0000   7547.422449  x:  1.57667   1.24438   0.39227   0.27201   2.17621  
  1 99.0000   7397.847691  x:  1.58123   1.28157   0.37499   0.03709   2.21816  
  2 736.1094   7297.053903  x:  1.62955   2.09385   0.07255   0.02015   2.69815  
  3 195.2066   7247.714541  x:  1.74492   2.30256  -0.10944   0.07940   3.92695  
  4 202.0070   7246.668075  x:  1.59847   2.31955  -0.03148   0.07872   3.98305  
  5  7.5882   7239.668180  x:  1.68879   2.47646   0.88953   0.06948   4.40889  
  6  6.5896   7233.918594  x:  1.68102   2.17458   0.45446   0.06615   4.73799  
  7  3.1461   7231.389615  x:  1.73371   2.25679   0.64384   0.05748   5.29961  
  8  0.3215   7231.162388  x:  1.72016   2.22348   0.50621   0.05755   5.36624  
  9  0.1888   7231.155567  x:  1.70960   2.22789   0.51192   0.05763   5.37736  
 10  0.0155   7231.154672  x:  1.70973   2.22643   0.51286   0.05784   5.38895  
 11  0.0050   7231.154541  x:  1.71049   2.22728   0.51294   0.05794   5.38895  
 12  0.0010   7231.154540  x:  1.71045   2.22724   0.51278   0.05795   5.38879  
 13  0.0002   7231.154540  x:  1.71045   2.22724   0.51279   0.05795   5.38878  
 14  0.0000   7231.154540  x:  1.71045   2.22724   0.51279   0.05795   5.38878  

Model 7: beta

TREE # 1

  0  0.0000   7647.563273  x:  1.71045   0.58708   1.47051  
  1 99.0000   7611.536847  x:  1.69735   0.33769   1.44610  
  2 214.4804   7577.673666  x:  1.62687   0.16769   0.99575  
  3 118.9819   7541.985239  x:  1.11853   0.08494   0.52974  
  4  4.0728   7534.428979  x:  1.18857   0.06052   0.39884  
  5 51.4357   7520.808813  x:  1.15438   0.05339   0.26748  
  6  1.9861   7503.263099  x:  1.59459   0.07901   0.34110  
  7  0.5915   7502.843661  x:  1.53045   0.08549   0.35964  
  8  0.0298   7502.799988  x:  1.54127   0.08643   0.35667  
  9  0.0082   7502.792539  x:  1.54778   0.08733   0.36043  
 10  0.0060   7502.792534  x:  1.54764   0.08736   0.36046  

Model 8: beta&w>1

TREE # 1

  0  0.0000   7491.559336  x:  1.54764   0.90000   1.10637   1.34997   2.21378  
  1 99.0000   7472.438322  x:  1.55060   0.95969   1.06684   1.37387   2.23898  
  2 386.5683   7308.269869  x:  1.59817   0.96358   0.36263   1.76902   2.66567  
  3 460.4126   7295.068148  x:  1.68944   0.94961   0.60428   1.89824   3.22330  
  4 55.0091   7269.141877  x:  1.54805   0.95742   0.29474   0.65297   4.27175  
  5 19.1882   7263.417470  x:  1.80427   0.95572   0.20375   0.42312   4.41187  
  6 23.6684   7250.822104  x:  1.77321   0.94478   0.11140   0.35545   4.52174  
  7  5.8765   7242.630089  x:  1.90866   0.92489   0.19331   0.69540   4.62136  
  8  0.9608   7239.277997  x:  1.69163   0.91316   0.17615   0.67414   4.79865  
  9  0.5643   7238.309342  x:  1.70556   0.91325   0.15242   0.66537   4.91195  
 10  0.0789   7238.078769  x:  1.67926   0.91617   0.16438   0.70278   4.98001  
 11  0.0418   7238.021581  x:  1.69163   0.91480   0.16880   0.73002   5.04200  
 12  0.0538   7238.017957  x:  1.68763   0.91495   0.16783   0.72596   5.06460  
 13  0.0127   7238.014998  x:  1.69176   0.91505   0.16727   0.71744   5.07929  
 14  0.0072   7238.014961  x:  1.69124   0.91501   0.16719   0.71700   5.07935  
 15  0.0008   7238.014961  x:  1.69124   0.91501   0.16717   0.71697   5.07932  
 16  0.0000   7238.014961  x:  1.69124   0.91501   0.16717   0.71697   5.07932  