Supplemental results for CODEML (seqf: GJB3_especies.phy  treef: GJB3_especies.nwk)


Model 1: NearlyNeutral

MLEs of dN/dS (w) for site classes (K=2)

p:   0.85567  0.14433
w:   0.03482  1.00000

Naive Empirical Bayes (NEB) probabilities for 2 classes & postmean_w
(amino acids refer to 1st sequence: Homo_sapiens)

   1 M   0.99998 0.00002 ( 1)  0.035
   2 D   1.00000 0.00000 ( 1)  0.035
   3 W   0.99853 0.00147 ( 1)  0.036
   4 K   0.99993 0.00007 ( 1)  0.035
   5 T   0.00565 0.99435 ( 2)  0.995
   6 L   0.99993 0.00007 ( 1)  0.035
   7 Q   0.98105 0.01895 ( 1)  0.053
   8 A   0.99909 0.00091 ( 1)  0.036
   9 L   0.95548 0.04452 ( 1)  0.078
  10 L   0.99782 0.00218 ( 1)  0.037
  11 S   0.99743 0.00257 ( 1)  0.037
  12 G   0.99965 0.00035 ( 1)  0.035
  13 V   0.99989 0.00011 ( 1)  0.035
  14 N   1.00000 0.00000 ( 1)  0.035
  15 K   0.99991 0.00009 ( 1)  0.035
  16 Y   0.99995 0.00005 ( 1)  0.035
  17 S   1.00000 0.00000 ( 1)  0.035
  18 T   0.98874 0.01126 ( 1)  0.046
  19 A   0.99932 0.00068 ( 1)  0.035
  20 F   0.99996 0.00004 ( 1)  0.035
  21 G   0.98721 0.01279 ( 1)  0.047
  22 R   1.00000 0.00000 ( 1)  0.035
  23 I   1.00000 0.00000 ( 1)  0.035
  24 W   0.99853 0.00147 ( 1)  0.036
  25 L   0.99792 0.00208 ( 1)  0.037
  26 S   0.99832 0.00168 ( 1)  0.036
  27 V   0.99987 0.00013 ( 1)  0.035
  28 V   0.99988 0.00012 ( 1)  0.035
  29 F   0.99997 0.00003 ( 1)  0.035
  30 V   1.00000 0.00000 ( 1)  0.035
  31 F   1.00000 0.00000 ( 1)  0.035
  32 R   0.99989 0.00011 ( 1)  0.035
  33 V   0.99991 0.00009 ( 1)  0.035
  34 L   0.99781 0.00219 ( 1)  0.037
  35 V   0.99989 0.00011 ( 1)  0.035
  36 Y   1.00000 0.00000 ( 1)  0.035
  37 V   0.99989 0.00011 ( 1)  0.035
  38 V   0.99989 0.00011 ( 1)  0.035
  39 A   0.99969 0.00031 ( 1)  0.035
  40 A   0.98637 0.01363 ( 1)  0.048
  41 E   0.99992 0.00008 ( 1)  0.035
  42 R   1.00000 0.00000 ( 1)  0.035
  43 V   0.99989 0.00011 ( 1)  0.035
  44 W   0.99853 0.00147 ( 1)  0.036
  45 G   0.87771 0.12229 ( 1)  0.153
  46 D   1.00000 0.00000 ( 1)  0.035
  47 E   0.99993 0.00007 ( 1)  0.035
  48 Q   0.99932 0.00068 ( 1)  0.035
  49 K   0.99993 0.00007 ( 1)  0.035
  50 D   1.00000 0.00000 ( 1)  0.035
  51 F   0.99673 0.00327 ( 1)  0.038
  52 D   1.00000 0.00000 ( 1)  0.035
  53 C   1.00000 0.00000 ( 1)  0.035
  54 N   1.00000 0.00000 ( 1)  0.035
  55 T   1.00000 0.00000 ( 1)  0.035
  56 K   0.89153 0.10847 ( 1)  0.140
  57 Q   0.99934 0.00066 ( 1)  0.035
  58 P   0.99981 0.00019 ( 1)  0.035
  59 G   1.00000 0.00000 ( 1)  0.035
  60 C   1.00000 0.00000 ( 1)  0.035
  61 T   1.00000 0.00000 ( 1)  0.035
  62 N   1.00000 0.00000 ( 1)  0.035
  63 V   1.00000 0.00000 ( 1)  0.035
  64 C   1.00000 0.00000 ( 1)  0.035
  65 Y   0.99984 0.00016 ( 1)  0.035
  66 D   1.00000 0.00000 ( 1)  0.035
  67 N   0.01821 0.98179 ( 2)  0.982
  68 Y   0.99881 0.00119 ( 1)  0.036
  69 F   1.00000 0.00000 ( 1)  0.035
  70 P   1.00000 0.00000 ( 1)  0.035
  71 I   0.99996 0.00004 ( 1)  0.035
  72 S   1.00000 0.00000 ( 1)  0.035
  73 N   1.00000 0.00000 ( 1)  0.035
  74 I   1.00000 0.00000 ( 1)  0.035
  75 R   1.00000 0.00000 ( 1)  0.035
  76 L   1.00000 0.00000 ( 1)  0.035
  77 W   0.99853 0.00147 ( 1)  0.036
  78 A   1.00000 0.00000 ( 1)  0.035
  79 L   0.99784 0.00216 ( 1)  0.037
  80 Q   0.99934 0.00066 ( 1)  0.035
  81 L   1.00000 0.00000 ( 1)  0.035
  82 I   1.00000 0.00000 ( 1)  0.035
  83 F   1.00000 0.00000 ( 1)  0.035
  84 V   1.00000 0.00000 ( 1)  0.035
  85 T   0.99914 0.00086 ( 1)  0.036
  86 C   1.00000 0.00000 ( 1)  0.035
  87 P   1.00000 0.00000 ( 1)  0.035
  88 S   0.99929 0.00071 ( 1)  0.036
  89 L   0.99784 0.00216 ( 1)  0.037
  90 L   0.99772 0.00228 ( 1)  0.037
  91 V   0.99999 0.00001 ( 1)  0.035
  92 I   0.99998 0.00002 ( 1)  0.035
  93 L   0.99888 0.00112 ( 1)  0.036
  94 H   0.99991 0.00009 ( 1)  0.035
  95 V   0.99989 0.00011 ( 1)  0.035
  96 A   1.00000 0.00000 ( 1)  0.035
  97 Y   1.00000 0.00000 ( 1)  0.035
  98 R   0.99804 0.00196 ( 1)  0.037
  99 E   0.99993 0.00007 ( 1)  0.035
 100 E   0.99598 0.00402 ( 1)  0.039
 101 R   0.99977 0.00023 ( 1)  0.035
 102 E   0.99992 0.00008 ( 1)  0.035
 103 R   0.99984 0.00016 ( 1)  0.035
 104 R   0.99979 0.00021 ( 1)  0.035
 105 H   0.99997 0.00003 ( 1)  0.035
 106 R   1.00000 0.00000 ( 1)  0.035
 107 Q   0.03834 0.96166 ( 2)  0.963
 108 K   0.99985 0.00015 ( 1)  0.035
 109 H   0.99664 0.00336 ( 1)  0.038
 110 G   0.98998 0.01002 ( 1)  0.044
 111 D   1.00000 0.00000 ( 1)  0.035
 112 Q   0.99934 0.00066 ( 1)  0.035
 113 C   1.00000 0.00000 ( 1)  0.035
 114 A   0.00061 0.99939 ( 2)  0.999
 115 K   0.99993 0.00007 ( 1)  0.035
 116 L   0.98992 0.01008 ( 1)  0.045
 117 Y   0.99999 0.00001 ( 1)  0.035
 118 D   1.00000 0.00000 ( 1)  0.035
 119 N   0.08535 0.91465 ( 2)  0.918
 120 A   0.06807 0.93193 ( 2)  0.934
 121 G   1.00000 0.00000 ( 1)  0.035
 122 K   0.99993 0.00007 ( 1)  0.035
 123 K   0.99993 0.00007 ( 1)  0.035
 124 H   0.99995 0.00005 ( 1)  0.035
 125 G   0.99968 0.00032 ( 1)  0.035
 126 G   0.99995 0.00005 ( 1)  0.035
 127 L   0.99957 0.00043 ( 1)  0.035
 128 W   0.99853 0.00147 ( 1)  0.036
 129 W   0.99853 0.00147 ( 1)  0.036
 130 T   1.00000 0.00000 ( 1)  0.035
 131 Y   1.00000 0.00000 ( 1)  0.035
 132 L   0.99793 0.00207 ( 1)  0.037
 133 F   0.00157 0.99843 ( 2)  0.998
 134 S   1.00000 0.00000 ( 1)  0.035
 135 L   1.00000 0.00000 ( 1)  0.035
 136 I   0.74162 0.25838 ( 1)  0.284
 137 F   1.00000 0.00000 ( 1)  0.035
 138 K   0.99993 0.00007 ( 1)  0.035
 139 L   1.00000 0.00000 ( 1)  0.035
 140 I   0.00069 0.99931 ( 2)  0.999
 141 I   1.00000 0.00000 ( 1)  0.035
 142 E   0.97070 0.02930 ( 1)  0.063
 143 F   0.99825 0.00175 ( 1)  0.037
 144 L   0.99751 0.00249 ( 1)  0.037
 145 F   1.00000 0.00000 ( 1)  0.035
 146 L   1.00000 0.00000 ( 1)  0.035
 147 Y   1.00000 0.00000 ( 1)  0.035
 148 L   0.05918 0.94082 ( 2)  0.943
 149 L   0.99789 0.00211 ( 1)  0.037
 150 H   1.00000 0.00000 ( 1)  0.035
 151 T   0.96238 0.03762 ( 1)  0.071
 152 L   1.00000 0.00000 ( 1)  0.035
 153 W   0.99853 0.00147 ( 1)  0.036
 154 H   0.00890 0.99110 ( 2)  0.991
 155 G   1.00000 0.00000 ( 1)  0.035
 156 F   1.00000 0.00000 ( 1)  0.035
 157 N   0.00000 1.00000 ( 2)  1.000
 158 M   0.99998 0.00002 ( 1)  0.035
 159 P   0.99710 0.00290 ( 1)  0.038
 160 R   1.00000 0.00000 ( 1)  0.035
 161 L   0.99815 0.00185 ( 1)  0.037
 162 V   0.99991 0.00009 ( 1)  0.035
 163 Q   0.99934 0.00066 ( 1)  0.035
 164 C   0.99981 0.00019 ( 1)  0.035
 165 A   0.97357 0.02643 ( 1)  0.060
 166 N   0.99876 0.00124 ( 1)  0.036
 167 V   0.99989 0.00011 ( 1)  0.035
 168 A   0.99981 0.00019 ( 1)  0.035
 169 P   1.00000 0.00000 ( 1)  0.035
 170 C   1.00000 0.00000 ( 1)  0.035
 171 P   1.00000 0.00000 ( 1)  0.035
 172 N   0.99997 0.00003 ( 1)  0.035
 173 I   0.00000 1.00000 ( 2)  1.000
 174 V   0.99971 0.00029 ( 1)  0.035
 175 D   1.00000 0.00000 ( 1)  0.035
 176 C   1.00000 0.00000 ( 1)  0.035
 177 Y   1.00000 0.00000 ( 1)  0.035
 178 I   0.99749 0.00251 ( 1)  0.037
 179 A   1.00000 0.00000 ( 1)  0.035
 180 R   0.99936 0.00064 ( 1)  0.035
 181 P   1.00000 0.00000 ( 1)  0.035
 182 T   1.00000 0.00000 ( 1)  0.035
 183 E   0.99990 0.00010 ( 1)  0.035
 184 K   0.99989 0.00011 ( 1)  0.035
 185 K   0.99955 0.00045 ( 1)  0.035
 186 I   0.95164 0.04836 ( 1)  0.082
 187 F   1.00000 0.00000 ( 1)  0.035
 188 T   1.00000 0.00000 ( 1)  0.035
 189 Y   1.00000 0.00000 ( 1)  0.035
 190 F   1.00000 0.00000 ( 1)  0.035
 191 M   0.99998 0.00002 ( 1)  0.035
 192 V   0.99989 0.00011 ( 1)  0.035
 193 G   0.99993 0.00007 ( 1)  0.035
 194 A   1.00000 0.00000 ( 1)  0.035
 195 S   0.99987 0.00013 ( 1)  0.035
 196 A   0.99994 0.00006 ( 1)  0.035
 197 V   0.96004 0.03996 ( 1)  0.073
 198 C   1.00000 0.00000 ( 1)  0.035
 199 I   1.00000 0.00000 ( 1)  0.035
 200 V   0.99966 0.00034 ( 1)  0.035
 201 L   1.00000 0.00000 ( 1)  0.035
 202 T   1.00000 0.00000 ( 1)  0.035
 203 I   0.99927 0.00073 ( 1)  0.036
 204 C   0.99681 0.00319 ( 1)  0.038
 205 E   0.99993 0.00007 ( 1)  0.035
 206 L   0.99997 0.00003 ( 1)  0.035
 207 C   1.00000 0.00000 ( 1)  0.035
 208 Y   1.00000 0.00000 ( 1)  0.035
 209 L   1.00000 0.00000 ( 1)  0.035
 210 I   0.98651 0.01349 ( 1)  0.048
 211 C   0.99904 0.00096 ( 1)  0.036
 212 H   1.00000 0.00000 ( 1)  0.035
 213 R   0.99988 0.00012 ( 1)  0.035
 214 V   0.99820 0.00180 ( 1)  0.037
 215 L   0.21408 0.78592 ( 2)  0.793
 216 R   0.00000 1.00000 ( 2)  1.000
 217 G   0.01449 0.98551 ( 2)  0.986
 218 L   0.00003 0.99997 ( 2)  1.000
 219 H   0.00001 0.99999 ( 2)  1.000
 220 K   0.87957 0.12043 ( 1)  0.151
 221 D   0.85537 0.14463 ( 1)  0.174
 222 K   0.01739 0.98261 ( 2)  0.983
 223 P   0.31520 0.68480 ( 2)  0.696
 224 R   0.00000 1.00000 ( 2)  1.000
 225 G   0.04109 0.95891 ( 2)  0.960
 226 G   0.23201 0.76799 ( 2)  0.776
 227 C   0.00000 1.00000 ( 2)  1.000
 228 S   0.00057 0.99943 ( 2)  0.999
 229 P   0.00002 0.99998 ( 2)  1.000
 230 S   0.00106 0.99894 ( 2)  0.999
 231 S   0.00812 0.99188 ( 2)  0.992
 232 S   0.83998 0.16002 ( 1)  0.189
 233 A   0.00000 1.00000 ( 2)  1.000
 234 S   1.00000 0.00000 ( 1)  0.035
 235 R   0.96333 0.03667 ( 1)  0.070
 236 A   0.99994 0.00006 ( 1)  0.035
 237 S   0.99993 0.00007 ( 1)  0.035
 238 T   0.99990 0.00010 ( 1)  0.035
 239 C   1.00000 0.00000 ( 1)  0.035
 240 R   0.99842 0.00158 ( 1)  0.036
 241 C   1.00000 0.00000 ( 1)  0.035
 242 H   1.00000 0.00000 ( 1)  0.035
 243 H   1.00000 0.00000 ( 1)  0.035
 244 K   0.99993 0.00007 ( 1)  0.035
 245 L   0.99707 0.00293 ( 1)  0.038
 246 V   0.99983 0.00017 ( 1)  0.035
 247 E   0.99737 0.00263 ( 1)  0.037
 248 A   0.76289 0.23711 ( 1)  0.264
 249 G   0.22533 0.77467 ( 2)  0.783
 250 E   0.93280 0.06720 ( 1)  0.100
 251 V   0.37688 0.62312 ( 2)  0.636
 252 D   0.05969 0.94031 ( 2)  0.942
 253 P   0.00000 1.00000 ( 2)  1.000
 254 D   0.24831 0.75169 ( 2)  0.760
 255 P   0.00314 0.99686 ( 2)  0.997
 256 G   0.89241 0.10759 ( 1)  0.139
 257 N   0.00000 1.00000 ( 2)  1.000
 258 N   0.99926 0.00074 ( 1)  0.036
 259 K   0.99681 0.00319 ( 1)  0.038
 260 L   0.00361 0.99639 ( 2)  0.997
 261 Q   0.00000 1.00000 ( 2)  1.000
 262 A   0.73995 0.26005 ( 1)  0.286
 263 S   0.99009 0.00991 ( 1)  0.044
 264 A   0.96251 0.03749 ( 1)  0.071
 265 P   1.00000 0.00000 ( 1)  0.035
 266 N   0.02440 0.97560 ( 2)  0.976
 267 L   0.04305 0.95695 ( 2)  0.958
 268 T   1.00000 0.00000 ( 1)  0.035
 269 P   1.00000 0.00000 ( 1)  0.035
 270 I   0.99941 0.00059 ( 1)  0.035


lnL = -4629.530811


Model 2: PositiveSelection

MLEs of dN/dS (w) for site classes (K=3)

p:   0.85567  0.07681  0.06752
w:   0.03482  1.00000  1.00000

Naive Empirical Bayes (NEB) probabilities for 3 classes & postmean_w
(amino acids refer to 1st sequence: Homo_sapiens)

   1 M   0.99998 0.00001 0.00001 ( 1)  0.035
   2 D   1.00000 0.00000 0.00000 ( 1)  0.035
   3 W   0.99853 0.00078 0.00069 ( 1)  0.036
   4 K   0.99993 0.00004 0.00004 ( 1)  0.035
   5 T   0.00565 0.52915 0.46520 ( 2)  0.995
   6 L   0.99993 0.00004 0.00003 ( 1)  0.035
   7 Q   0.98105 0.01008 0.00887 ( 1)  0.053
   8 A   0.99909 0.00049 0.00043 ( 1)  0.036
   9 L   0.95548 0.02369 0.02083 ( 1)  0.078
  10 L   0.99782 0.00116 0.00102 ( 1)  0.037
  11 S   0.99743 0.00137 0.00120 ( 1)  0.037
  12 G   0.99965 0.00019 0.00016 ( 1)  0.035
  13 V   0.99989 0.00006 0.00005 ( 1)  0.035
  14 N   1.00000 0.00000 0.00000 ( 1)  0.035
  15 K   0.99991 0.00005 0.00004 ( 1)  0.035
  16 Y   0.99995 0.00003 0.00002 ( 1)  0.035
  17 S   1.00000 0.00000 0.00000 ( 1)  0.035
  18 T   0.98874 0.00599 0.00527 ( 1)  0.046
  19 A   0.99932 0.00036 0.00032 ( 1)  0.035
  20 F   0.99996 0.00002 0.00002 ( 1)  0.035
  21 G   0.98721 0.00680 0.00598 ( 1)  0.047
  22 R   1.00000 0.00000 0.00000 ( 1)  0.035
  23 I   1.00000 0.00000 0.00000 ( 1)  0.035
  24 W   0.99853 0.00078 0.00069 ( 1)  0.036
  25 L   0.99792 0.00111 0.00098 ( 1)  0.037
  26 S   0.99832 0.00089 0.00079 ( 1)  0.036
  27 V   0.99987 0.00007 0.00006 ( 1)  0.035
  28 V   0.99988 0.00006 0.00006 ( 1)  0.035
  29 F   0.99997 0.00002 0.00001 ( 1)  0.035
  30 V   1.00000 0.00000 0.00000 ( 1)  0.035
  31 F   1.00000 0.00000 0.00000 ( 1)  0.035
  32 R   0.99989 0.00006 0.00005 ( 1)  0.035
  33 V   0.99991 0.00005 0.00004 ( 1)  0.035
  34 L   0.99781 0.00116 0.00102 ( 1)  0.037
  35 V   0.99989 0.00006 0.00005 ( 1)  0.035
  36 Y   1.00000 0.00000 0.00000 ( 1)  0.035
  37 V   0.99989 0.00006 0.00005 ( 1)  0.035
  38 V   0.99989 0.00006 0.00005 ( 1)  0.035
  39 A   0.99969 0.00016 0.00014 ( 1)  0.035
  40 A   0.98637 0.00725 0.00638 ( 1)  0.048
  41 E   0.99992 0.00004 0.00004 ( 1)  0.035
  42 R   1.00000 0.00000 0.00000 ( 1)  0.035
  43 V   0.99989 0.00006 0.00005 ( 1)  0.035
  44 W   0.99853 0.00078 0.00069 ( 1)  0.036
  45 G   0.87771 0.06508 0.05721 ( 1)  0.153
  46 D   1.00000 0.00000 0.00000 ( 1)  0.035
  47 E   0.99993 0.00003 0.00003 ( 1)  0.035
  48 Q   0.99932 0.00036 0.00032 ( 1)  0.035
  49 K   0.99993 0.00004 0.00004 ( 1)  0.035
  50 D   1.00000 0.00000 0.00000 ( 1)  0.035
  51 F   0.99673 0.00174 0.00153 ( 1)  0.038
  52 D   1.00000 0.00000 0.00000 ( 1)  0.035
  53 C   1.00000 0.00000 0.00000 ( 1)  0.035
  54 N   1.00000 0.00000 0.00000 ( 1)  0.035
  55 T   1.00000 0.00000 0.00000 ( 1)  0.035
  56 K   0.89153 0.05772 0.05075 ( 1)  0.140
  57 Q   0.99934 0.00035 0.00031 ( 1)  0.035
  58 P   0.99981 0.00010 0.00009 ( 1)  0.035
  59 G   1.00000 0.00000 0.00000 ( 1)  0.035
  60 C   1.00000 0.00000 0.00000 ( 1)  0.035
  61 T   1.00000 0.00000 0.00000 ( 1)  0.035
  62 N   1.00000 0.00000 0.00000 ( 1)  0.035
  63 V   1.00000 0.00000 0.00000 ( 1)  0.035
  64 C   1.00000 0.00000 0.00000 ( 1)  0.035
  65 Y   0.99984 0.00008 0.00007 ( 1)  0.035
  66 D   1.00000 0.00000 0.00000 ( 1)  0.035
  67 N   0.01821 0.52246 0.45932 ( 2)  0.982
  68 Y   0.99881 0.00063 0.00056 ( 1)  0.036
  69 F   1.00000 0.00000 0.00000 ( 1)  0.035
  70 P   1.00000 0.00000 0.00000 ( 1)  0.035
  71 I   0.99996 0.00002 0.00002 ( 1)  0.035
  72 S   1.00000 0.00000 0.00000 ( 1)  0.035
  73 N   1.00000 0.00000 0.00000 ( 1)  0.035
  74 I   1.00000 0.00000 0.00000 ( 1)  0.035
  75 R   1.00000 0.00000 0.00000 ( 1)  0.035
  76 L   1.00000 0.00000 0.00000 ( 1)  0.035
  77 W   0.99853 0.00078 0.00069 ( 1)  0.036
  78 A   1.00000 0.00000 0.00000 ( 1)  0.035
  79 L   0.99784 0.00115 0.00101 ( 1)  0.037
  80 Q   0.99934 0.00035 0.00031 ( 1)  0.035
  81 L   1.00000 0.00000 0.00000 ( 1)  0.035
  82 I   1.00000 0.00000 0.00000 ( 1)  0.035
  83 F   1.00000 0.00000 0.00000 ( 1)  0.035
  84 V   1.00000 0.00000 0.00000 ( 1)  0.035
  85 T   0.99914 0.00046 0.00040 ( 1)  0.036
  86 C   1.00000 0.00000 0.00000 ( 1)  0.035
  87 P   1.00000 0.00000 0.00000 ( 1)  0.035
  88 S   0.99929 0.00038 0.00033 ( 1)  0.036
  89 L   0.99784 0.00115 0.00101 ( 1)  0.037
  90 L   0.99772 0.00121 0.00107 ( 1)  0.037
  91 V   0.99999 0.00001 0.00001 ( 1)  0.035
  92 I   0.99998 0.00001 0.00001 ( 1)  0.035
  93 L   0.99888 0.00059 0.00052 ( 1)  0.036
  94 H   0.99991 0.00005 0.00004 ( 1)  0.035
  95 V   0.99989 0.00006 0.00005 ( 1)  0.035
  96 A   1.00000 0.00000 0.00000 ( 1)  0.035
  97 Y   1.00000 0.00000 0.00000 ( 1)  0.035
  98 R   0.99804 0.00104 0.00092 ( 1)  0.037
  99 E   0.99993 0.00003 0.00003 ( 1)  0.035
 100 E   0.99598 0.00214 0.00188 ( 1)  0.039
 101 R   0.99977 0.00012 0.00011 ( 1)  0.035
 102 E   0.99992 0.00004 0.00004 ( 1)  0.035
 103 R   0.99984 0.00008 0.00007 ( 1)  0.035
 104 R   0.99979 0.00011 0.00010 ( 1)  0.035
 105 H   0.99997 0.00002 0.00002 ( 1)  0.035
 106 R   1.00000 0.00000 0.00000 ( 1)  0.035
 107 Q   0.03834 0.51175 0.44991 ( 2)  0.963
 108 K   0.99985 0.00008 0.00007 ( 1)  0.035
 109 H   0.99664 0.00179 0.00157 ( 1)  0.038
 110 G   0.98998 0.00533 0.00469 ( 1)  0.044
 111 D   1.00000 0.00000 0.00000 ( 1)  0.035
 112 Q   0.99934 0.00035 0.00031 ( 1)  0.035
 113 C   1.00000 0.00000 0.00000 ( 1)  0.035
 114 A   0.00061 0.53183 0.46756 ( 2)  0.999
 115 K   0.99993 0.00004 0.00004 ( 1)  0.035
 116 L   0.98992 0.00537 0.00472 ( 1)  0.045
 117 Y   0.99999 0.00000 0.00000 ( 1)  0.035
 118 D   1.00000 0.00000 0.00000 ( 1)  0.035
 119 N   0.08535 0.48674 0.42791 ( 2)  0.918
 120 A   0.06807 0.49593 0.43600 ( 2)  0.934
 121 G   1.00000 0.00000 0.00000 ( 1)  0.035
 122 K   0.99993 0.00004 0.00004 ( 1)  0.035
 123 K   0.99993 0.00004 0.00004 ( 1)  0.035
 124 H   0.99995 0.00002 0.00002 ( 1)  0.035
 125 G   0.99968 0.00017 0.00015 ( 1)  0.035
 126 G   0.99995 0.00003 0.00002 ( 1)  0.035
 127 L   0.99957 0.00023 0.00020 ( 1)  0.035
 128 W   0.99853 0.00078 0.00069 ( 1)  0.036
 129 W   0.99853 0.00078 0.00069 ( 1)  0.036
 130 T   1.00000 0.00000 0.00000 ( 1)  0.035
 131 Y   1.00000 0.00000 0.00000 ( 1)  0.035
 132 L   0.99793 0.00110 0.00097 ( 1)  0.037
 133 F   0.00157 0.53132 0.46711 ( 2)  0.998
 134 S   1.00000 0.00000 0.00000 ( 1)  0.035
 135 L   1.00000 0.00000 0.00000 ( 1)  0.035
 136 I   0.74162 0.13750 0.12088 ( 1)  0.284
 137 F   1.00000 0.00000 0.00000 ( 1)  0.035
 138 K   0.99993 0.00004 0.00004 ( 1)  0.035
 139 L   1.00000 0.00000 0.00000 ( 1)  0.035
 140 I   0.00069 0.53179 0.46752 ( 2)  0.999
 141 I   1.00000 0.00000 0.00000 ( 1)  0.035
 142 E   0.97070 0.01559 0.01371 ( 1)  0.063
 143 F   0.99825 0.00093 0.00082 ( 1)  0.037
 144 L   0.99751 0.00132 0.00116 ( 1)  0.037
 145 F   1.00000 0.00000 0.00000 ( 1)  0.035
 146 L   1.00000 0.00000 0.00000 ( 1)  0.035
 147 Y   1.00000 0.00000 0.00000 ( 1)  0.035
 148 L   0.05918 0.50066 0.44016 ( 2)  0.943
 149 L   0.99789 0.00112 0.00099 ( 1)  0.037
 150 H   1.00000 0.00000 0.00000 ( 1)  0.035
 151 T   0.96238 0.02002 0.01760 ( 1)  0.071
 152 L   1.00000 0.00000 0.00000 ( 1)  0.035
 153 W   0.99853 0.00078 0.00069 ( 1)  0.036
 154 H   0.00890 0.52742 0.46368 ( 2)  0.991
 155 G   1.00000 0.00000 0.00000 ( 1)  0.035
 156 F   1.00000 0.00000 0.00000 ( 1)  0.035
 157 N   0.00000 0.53216 0.46784 ( 2)  1.000
 158 M   0.99998 0.00001 0.00001 ( 1)  0.035
 159 P   0.99710 0.00154 0.00136 ( 1)  0.038
 160 R   1.00000 0.00000 0.00000 ( 1)  0.035
 161 L   0.99815 0.00098 0.00086 ( 1)  0.037
 162 V   0.99991 0.00005 0.00004 ( 1)  0.035
 163 Q   0.99934 0.00035 0.00031 ( 1)  0.035
 164 C   0.99981 0.00010 0.00009 ( 1)  0.035
 165 A   0.97357 0.01407 0.01237 ( 1)  0.060
 166 N   0.99876 0.00066 0.00058 ( 1)  0.036
 167 V   0.99989 0.00006 0.00005 ( 1)  0.035
 168 A   0.99981 0.00010 0.00009 ( 1)  0.035
 169 P   1.00000 0.00000 0.00000 ( 1)  0.035
 170 C   1.00000 0.00000 0.00000 ( 1)  0.035
 171 P   1.00000 0.00000 0.00000 ( 1)  0.035
 172 N   0.99997 0.00002 0.00002 ( 1)  0.035
 173 I   0.00000 0.53216 0.46784 ( 2)  1.000
 174 V   0.99971 0.00015 0.00014 ( 1)  0.035
 175 D   1.00000 0.00000 0.00000 ( 1)  0.035
 176 C   1.00000 0.00000 0.00000 ( 1)  0.035
 177 Y   1.00000 0.00000 0.00000 ( 1)  0.035
 178 I   0.99749 0.00133 0.00117 ( 1)  0.037
 179 A   1.00000 0.00000 0.00000 ( 1)  0.035
 180 R   0.99936 0.00034 0.00030 ( 1)  0.035
 181 P   1.00000 0.00000 0.00000 ( 1)  0.035
 182 T   1.00000 0.00000 0.00000 ( 1)  0.035
 183 E   0.99990 0.00005 0.00004 ( 1)  0.035
 184 K   0.99989 0.00006 0.00005 ( 1)  0.035
 185 K   0.99955 0.00024 0.00021 ( 1)  0.035
 186 I   0.95164 0.02574 0.02263 ( 1)  0.082
 187 F   1.00000 0.00000 0.00000 ( 1)  0.035
 188 T   1.00000 0.00000 0.00000 ( 1)  0.035
 189 Y   1.00000 0.00000 0.00000 ( 1)  0.035
 190 F   1.00000 0.00000 0.00000 ( 1)  0.035
 191 M   0.99998 0.00001 0.00001 ( 1)  0.035
 192 V   0.99989 0.00006 0.00005 ( 1)  0.035
 193 G   0.99993 0.00004 0.00003 ( 1)  0.035
 194 A   1.00000 0.00000 0.00000 ( 1)  0.035
 195 S   0.99987 0.00007 0.00006 ( 1)  0.035
 196 A   0.99994 0.00003 0.00003 ( 1)  0.035
 197 V   0.96004 0.02126 0.01869 ( 1)  0.073
 198 C   1.00000 0.00000 0.00000 ( 1)  0.035
 199 I   1.00000 0.00000 0.00000 ( 1)  0.035
 200 V   0.99966 0.00018 0.00016 ( 1)  0.035
 201 L   1.00000 0.00000 0.00000 ( 1)  0.035
 202 T   1.00000 0.00000 0.00000 ( 1)  0.035
 203 I   0.99927 0.00039 0.00034 ( 1)  0.036
 204 C   0.99681 0.00170 0.00149 ( 1)  0.038
 205 E   0.99993 0.00003 0.00003 ( 1)  0.035
 206 L   0.99997 0.00001 0.00001 ( 1)  0.035
 207 C   1.00000 0.00000 0.00000 ( 1)  0.035
 208 Y   1.00000 0.00000 0.00000 ( 1)  0.035
 209 L   1.00000 0.00000 0.00000 ( 1)  0.035
 210 I   0.98651 0.00718 0.00631 ( 1)  0.048
 211 C   0.99904 0.00051 0.00045 ( 1)  0.036
 212 H   1.00000 0.00000 0.00000 ( 1)  0.035
 213 R   0.99988 0.00006 0.00006 ( 1)  0.035
 214 V   0.99820 0.00096 0.00084 ( 1)  0.037
 215 L   0.21408 0.41823 0.36769 ( 2)  0.793
 216 R   0.00000 0.53216 0.46784 ( 2)  1.000
 217 G   0.01449 0.52444 0.46106 ( 2)  0.986
 218 L   0.00003 0.53214 0.46783 ( 2)  1.000
 219 H   0.00001 0.53215 0.46784 ( 2)  1.000
 220 K   0.87957 0.06409 0.05634 ( 1)  0.151
 221 D   0.85537 0.07696 0.06766 ( 1)  0.174
 222 K   0.01739 0.52290 0.45971 ( 2)  0.983
 223 P   0.31520 0.36442 0.32038 ( 2)  0.696
 224 R   0.00000 0.53216 0.46784 ( 2)  1.000
 225 G   0.04109 0.51029 0.44862 ( 2)  0.960
 226 G   0.23201 0.40869 0.35930 ( 2)  0.776
 227 C   0.00000 0.53216 0.46784 ( 2)  1.000
 228 S   0.00057 0.53185 0.46758 ( 2)  0.999
 229 P   0.00002 0.53215 0.46784 ( 2)  1.000
 230 S   0.00106 0.53159 0.46735 ( 2)  0.999
 231 S   0.00812 0.52783 0.46404 ( 2)  0.992
 232 S   0.83998 0.08516 0.07487 ( 1)  0.189
 233 A   0.00000 0.53216 0.46784 ( 2)  1.000
 234 S   1.00000 0.00000 0.00000 ( 1)  0.035
 235 R   0.96333 0.01951 0.01716 ( 1)  0.070
 236 A   0.99994 0.00003 0.00003 ( 1)  0.035
 237 S   0.99993 0.00004 0.00003 ( 1)  0.035
 238 T   0.99990 0.00005 0.00005 ( 1)  0.035
 239 C   1.00000 0.00000 0.00000 ( 1)  0.035
 240 R   0.99842 0.00084 0.00074 ( 1)  0.036
 241 C   1.00000 0.00000 0.00000 ( 1)  0.035
 242 H   1.00000 0.00000 0.00000 ( 1)  0.035
 243 H   1.00000 0.00000 0.00000 ( 1)  0.035
 244 K   0.99993 0.00004 0.00004 ( 1)  0.035
 245 L   0.99707 0.00156 0.00137 ( 1)  0.038
 246 V   0.99983 0.00009 0.00008 ( 1)  0.035
 247 E   0.99737 0.00140 0.00123 ( 1)  0.037
 248 A   0.76289 0.12618 0.11093 ( 1)  0.264
 249 G   0.22533 0.41225 0.36243 ( 2)  0.783
 250 E   0.93280 0.03576 0.03144 ( 1)  0.100
 251 V   0.37688 0.33160 0.29152 ( 1)  0.636
 252 D   0.05969 0.50039 0.43992 ( 2)  0.942
 253 P   0.00000 0.53216 0.46784 ( 2)  1.000
 254 D   0.24831 0.40002 0.35167 ( 2)  0.760
 255 P   0.00314 0.53049 0.46638 ( 2)  0.997
 256 G   0.89241 0.05725 0.05033 ( 1)  0.139
 257 N   0.00000 0.53216 0.46784 ( 2)  1.000
 258 N   0.99926 0.00039 0.00034 ( 1)  0.036
 259 K   0.99681 0.00170 0.00149 ( 1)  0.038
 260 L   0.00361 0.53023 0.46615 ( 2)  0.997
 261 Q   0.00000 0.53216 0.46784 ( 2)  1.000
 262 A   0.73995 0.13839 0.12166 ( 1)  0.286
 263 S   0.99009 0.00528 0.00464 ( 1)  0.044
 264 A   0.96251 0.01995 0.01754 ( 1)  0.071
 265 P   1.00000 0.00000 0.00000 ( 1)  0.035
 266 N   0.02440 0.51917 0.45643 ( 2)  0.976
 267 L   0.04305 0.50925 0.44771 ( 2)  0.958
 268 T   1.00000 0.00000 0.00000 ( 1)  0.035
 269 P   1.00000 0.00000 0.00000 ( 1)  0.035
 270 I   0.99941 0.00031 0.00028 ( 1)  0.035

Positively selected sites

	Prob(w>1)  mean w



lnL = -4629.530811

Bayes Empirical Bayes (BEB) probabilities for 3 classes (class) & postmean_w
(amino acids refer to 1st sequence: Homo_sapiens)

   1 M   0.99998 0.00002 0.00000 ( 1)  0.050 +-  0.004
   2 D   1.00000 0.00000 0.00000 ( 1)  0.050 +-  0.001
   3 W   0.99848 0.00151 0.00001 ( 1)  0.051 +-  0.037
   4 K   0.99992 0.00008 0.00000 ( 1)  0.050 +-  0.009
   5 T   0.01566 0.92910 0.05524 ( 2)  1.031 +-  0.260
   6 L   0.99995 0.00005 0.00000 ( 1)  0.050 +-  0.007
   7 Q   0.98615 0.01376 0.00009 ( 1)  0.063 +-  0.112
   8 A   0.99949 0.00051 0.00000 ( 1)  0.050 +-  0.022
   9 L   0.95487 0.04305 0.00208 ( 1)  0.095 +-  0.211
  10 L   0.99776 0.00222 0.00002 ( 1)  0.052 +-  0.045
  11 S   0.99806 0.00193 0.00001 ( 1)  0.052 +-  0.042
  12 G   0.99963 0.00037 0.00000 ( 1)  0.050 +-  0.018
  13 V   0.99989 0.00011 0.00000 ( 1)  0.050 +-  0.010
  14 N   1.00000 0.00000 0.00000 ( 1)  0.050 +-  0.001
  15 K   0.99990 0.00010 0.00000 ( 1)  0.050 +-  0.009
  16 Y   0.99996 0.00004 0.00000 ( 1)  0.050 +-  0.006
  17 S   1.00000 0.00000 0.00000 ( 1)  0.050 +-  0.002
  18 T   0.98863 0.01115 0.00021 ( 1)  0.061 +-  0.102
  19 A   0.99929 0.00071 0.00000 ( 1)  0.051 +-  0.025
  20 F   0.99997 0.00003 0.00000 ( 1)  0.050 +-  0.005
  21 G   0.98692 0.01267 0.00041 ( 1)  0.063 +-  0.114
  22 R   1.00000 0.00000 0.00000 ( 1)  0.050 +-  0.001
  23 I   1.00000 0.00000 0.00000 ( 1)  0.050 +-  0.001
  24 W   0.99848 0.00151 0.00001 ( 1)  0.051 +-  0.037
  25 L   0.99786 0.00212 0.00002 ( 1)  0.052 +-  0.044
  26 S   0.99826 0.00172 0.00001 ( 1)  0.052 +-  0.040
  27 V   0.99986 0.00014 0.00000 ( 1)  0.050 +-  0.011
  28 V   0.99987 0.00013 0.00000 ( 1)  0.050 +-  0.011
  29 F   0.99997 0.00003 0.00000 ( 1)  0.050 +-  0.006
  30 V   1.00000 0.00000 0.00000 ( 1)  0.050 +-  0.001
  31 F   1.00000 0.00000 0.00000 ( 1)  0.050 +-  0.001
  32 R   0.99988 0.00012 0.00000 ( 1)  0.050 +-  0.010
  33 V   0.99990 0.00010 0.00000 ( 1)  0.050 +-  0.009
  34 L   0.99775 0.00223 0.00002 ( 1)  0.052 +-  0.045
  35 V   0.99988 0.00012 0.00000 ( 1)  0.050 +-  0.010
  36 Y   0.99999 0.00001 0.00000 ( 1)  0.050 +-  0.002
  37 V   0.99989 0.00011 0.00000 ( 1)  0.050 +-  0.010
  38 V   0.99988 0.00012 0.00000 ( 1)  0.050 +-  0.010
  39 A   0.99967 0.00033 0.00000 ( 1)  0.050 +-  0.017
  40 A   0.98627 0.01345 0.00028 ( 1)  0.063 +-  0.113
  41 E   0.99991 0.00009 0.00000 ( 1)  0.050 +-  0.009
  42 R   1.00000 0.00000 0.00000 ( 1)  0.050 +-  0.002
  43 V   0.99989 0.00011 0.00000 ( 1)  0.050 +-  0.010
  44 W   0.99848 0.00151 0.00001 ( 1)  0.051 +-  0.037
  45 G   0.86456 0.11454 0.02090 ( 1)  0.216 +-  0.523
  46 D   1.00000 0.00000 0.00000 ( 1)  0.050 +-  0.001
  47 E   0.99993 0.00007 0.00000 ( 1)  0.050 +-  0.008
  48 Q   0.99929 0.00071 0.00000 ( 1)  0.051 +-  0.025
  49 K   0.99992 0.00008 0.00000 ( 1)  0.050 +-  0.009
  50 D   1.00000 0.00000 0.00000 ( 1)  0.050 +-  0.001
  51 F   0.99666 0.00331 0.00003 ( 1)  0.053 +-  0.055
  52 D   1.00000 0.00000 0.00000 ( 1)  0.050 +-  0.001
  53 C   1.00000 0.00000 0.00000 ( 1)  0.050 +-  0.001
  54 N   1.00000 0.00000 0.00000 ( 1)  0.050 +-  0.001
  55 T   1.00000 0.00000 0.00000 ( 1)  0.050 +-  0.001
  56 K   0.94061 0.05909 0.00030 ( 1)  0.107 +-  0.225
  57 Q   0.99931 0.00069 0.00000 ( 1)  0.051 +-  0.025
  58 P   0.99980 0.00020 0.00000 ( 1)  0.050 +-  0.013
  59 G   1.00000 0.00000 0.00000 ( 1)  0.050 +-  0.001
  60 C   1.00000 0.00000 0.00000 ( 1)  0.050 +-  0.001
  61 T   1.00000 0.00000 0.00000 ( 1)  0.050 +-  0.001
  62 N   1.00000 0.00000 0.00000 ( 1)  0.050 +-  0.001
  63 V   1.00000 0.00000 0.00000 ( 1)  0.050 +-  0.001
  64 C   1.00000 0.00000 0.00000 ( 1)  0.050 +-  0.001
  65 Y   0.99983 0.00017 0.00000 ( 1)  0.050 +-  0.012
  66 D   1.00000 0.00000 0.00000 ( 1)  0.050 +-  0.001
  67 N   0.08999 0.90703 0.00299 ( 2)  0.916 +-  0.274
  68 Y   0.99933 0.00067 0.00000 ( 1)  0.051 +-  0.025
  69 F   1.00000 0.00000 0.00000 ( 1)  0.050 +-  0.001
  70 P   1.00000 0.00000 0.00000 ( 1)  0.050 +-  0.001
  71 I   0.99996 0.00004 0.00000 ( 1)  0.050 +-  0.006
  72 S   1.00000 0.00000 0.00000 ( 1)  0.050 +-  0.002
  73 N   1.00000 0.00000 0.00000 ( 1)  0.050 +-  0.001
  74 I   1.00000 0.00000 0.00000 ( 1)  0.050 +-  0.001
  75 R   1.00000 0.00000 0.00000 ( 1)  0.050 +-  0.001
  76 L   1.00000 0.00000 0.00000 ( 1)  0.050 +-  0.001
  77 W   0.99848 0.00151 0.00001 ( 1)  0.051 +-  0.037
  78 A   1.00000 0.00000 0.00000 ( 1)  0.050 +-  0.001
  79 L   0.99779 0.00220 0.00002 ( 1)  0.052 +-  0.045
  80 Q   0.99931 0.00069 0.00000 ( 1)  0.051 +-  0.025
  81 L   1.00000 0.00000 0.00000 ( 1)  0.050 +-  0.001
  82 I   1.00000 0.00000 0.00000 ( 1)  0.050 +-  0.001
  83 F   1.00000 0.00000 0.00000 ( 1)  0.050 +-  0.001
  84 V   1.00000 0.00000 0.00000 ( 1)  0.050 +-  0.001
  85 T   0.99910 0.00089 0.00001 ( 1)  0.051 +-  0.029
  86 C   1.00000 0.00000 0.00000 ( 1)  0.050 +-  0.002
  87 P   1.00000 0.00000 0.00000 ( 1)  0.050 +-  0.001
  88 S   0.99926 0.00073 0.00000 ( 1)  0.051 +-  0.026
  89 L   0.99779 0.00220 0.00002 ( 1)  0.052 +-  0.045
  90 L   0.99766 0.00232 0.00002 ( 1)  0.052 +-  0.046
  91 V   0.99998 0.00002 0.00000 ( 1)  0.050 +-  0.004
  92 I   0.99999 0.00001 0.00000 ( 1)  0.050 +-  0.003
  93 L   0.99884 0.00115 0.00001 ( 1)  0.051 +-  0.032
  94 H   0.99990 0.00010 0.00000 ( 1)  0.050 +-  0.009
  95 V   0.99989 0.00011 0.00000 ( 1)  0.050 +-  0.010
  96 A   1.00000 0.00000 0.00000 ( 1)  0.050 +-  0.001
  97 Y   1.00000 0.00000 0.00000 ( 1)  0.050 +-  0.001
  98 R   0.99798 0.00200 0.00002 ( 1)  0.052 +-  0.043
  99 E   0.99993 0.00007 0.00000 ( 1)  0.050 +-  0.008
 100 E   0.99700 0.00299 0.00001 ( 1)  0.053 +-  0.052
 101 R   0.99975 0.00025 0.00000 ( 1)  0.050 +-  0.015
 102 E   0.99991 0.00009 0.00000 ( 1)  0.050 +-  0.009
 103 R   0.99983 0.00017 0.00000 ( 1)  0.050 +-  0.012
 104 R   0.99977 0.00023 0.00000 ( 1)  0.050 +-  0.014
 105 H   0.99997 0.00003 0.00000 ( 1)  0.050 +-  0.005
 106 R   1.00000 0.00000 0.00000 ( 1)  0.050 +-  0.001
 107 Q   0.10099 0.88166 0.01735 ( 2)  0.914 +-  0.300
 108 K   0.99984 0.00016 0.00000 ( 1)  0.050 +-  0.012
 109 H   0.99814 0.00186 0.00000 ( 1)  0.052 +-  0.041
 110 G   0.98986 0.00995 0.00019 ( 1)  0.060 +-  0.097
 111 D   1.00000 0.00000 0.00000 ( 1)  0.050 +-  0.001
 112 Q   0.99931 0.00069 0.00000 ( 1)  0.051 +-  0.025
 113 C   1.00000 0.00000 0.00000 ( 1)  0.050 +-  0.001
 114 A   0.00462 0.98976 0.00562 ( 2)  0.998 +-  0.075
 115 K   0.99992 0.00008 0.00000 ( 1)  0.050 +-  0.009
 116 L   0.98982 0.01000 0.00018 ( 1)  0.060 +-  0.097
 117 Y   0.99999 0.00001 0.00000 ( 1)  0.050 +-  0.003
 118 D   1.00000 0.00000 0.00000 ( 1)  0.050 +-  0.001
 119 N   0.26069 0.73512 0.00419 ( 2)  0.754 +-  0.420
 120 A   0.12602 0.82325 0.05073 ( 2)  0.924 +-  0.406
 121 G   1.00000 0.00000 0.00000 ( 1)  0.050 +-  0.001
 122 K   0.99992 0.00008 0.00000 ( 1)  0.050 +-  0.009
 123 K   0.99992 0.00008 0.00000 ( 1)  0.050 +-  0.009
 124 H   0.99996 0.00004 0.00000 ( 1)  0.050 +-  0.006
 125 G   0.99966 0.00034 0.00000 ( 1)  0.050 +-  0.018
 126 G   0.99996 0.00004 0.00000 ( 1)  0.050 +-  0.006
 127 L   0.99954 0.00045 0.00000 ( 1)  0.050 +-  0.020
 128 W   0.99848 0.00151 0.00001 ( 1)  0.051 +-  0.037
 129 W   0.99848 0.00151 0.00001 ( 1)  0.051 +-  0.037
 130 T   1.00000 0.00000 0.00000 ( 1)  0.050 +-  0.002
 131 Y   1.00000 0.00000 0.00000 ( 1)  0.050 +-  0.001
 132 L   0.99787 0.00211 0.00002 ( 1)  0.052 +-  0.044
 133 F   0.01167 0.98489 0.00344 ( 2)  0.991 +-  0.106
 134 S   1.00000 0.00000 0.00000 ( 1)  0.050 +-  0.001
 135 L   1.00000 0.00000 0.00000 ( 1)  0.050 +-  0.001
 136 I   0.91181 0.08808 0.00011 ( 1)  0.134 +-  0.270
 137 F   1.00000 0.00000 0.00000 ( 1)  0.050 +-  0.001
 138 K   0.99992 0.00008 0.00000 ( 1)  0.050 +-  0.009
 139 L   1.00000 0.00000 0.00000 ( 1)  0.050 +-  0.001
 140 I   0.00525 0.98937 0.00538 ( 2)  0.998 +-  0.078
 141 I   1.00000 0.00000 0.00000 ( 1)  0.050 +-  0.001
 142 E   0.97865 0.02118 0.00017 ( 1)  0.070 +-  0.138
 143 F   0.99903 0.00097 0.00000 ( 1)  0.051 +-  0.030
 144 L   0.99861 0.00139 0.00000 ( 1)  0.051 +-  0.035
 145 F   1.00000 0.00000 0.00000 ( 1)  0.050 +-  0.001
 146 L   1.00000 0.00000 0.00000 ( 1)  0.050 +-  0.001
 147 Y   1.00000 0.00000 0.00000 ( 1)  0.050 +-  0.002
 148 L   0.14961 0.83574 0.01465 ( 2)  0.866 +-  0.350
 149 L   0.99783 0.00215 0.00002 ( 1)  0.052 +-  0.044
 150 H   1.00000 0.00000 0.00000 ( 1)  0.050 +-  0.002
 151 T   0.96205 0.03648 0.00147 ( 1)  0.087 +-  0.191
 152 L   1.00000 0.00000 0.00000 ( 1)  0.050 +-  0.001
 153 W   0.99848 0.00151 0.00001 ( 1)  0.051 +-  0.037
 154 H   0.02457 0.93072 0.04471 ( 2)  1.010 +-  0.242
 155 G   1.00000 0.00000 0.00000 ( 1)  0.050 +-  0.001
 156 F   1.00000 0.00000 0.00000 ( 1)  0.050 +-  0.001
 157 N   0.00001 0.98619 0.01380 ( 2)  1.007 +-  0.062
 158 M   0.99998 0.00002 0.00000 ( 1)  0.050 +-  0.004
 159 P   0.99703 0.00294 0.00003 ( 1)  0.053 +-  0.052
 160 R   1.00000 0.00000 0.00000 ( 1)  0.050 +-  0.001
 161 L   0.99810 0.00189 0.00002 ( 1)  0.052 +-  0.042
 162 V   0.99990 0.00010 0.00000 ( 1)  0.050 +-  0.009
 163 Q   0.99931 0.00069 0.00000 ( 1)  0.051 +-  0.025
 164 C   0.99980 0.00020 0.00000 ( 1)  0.050 +-  0.014
 165 A   0.98947 0.01052 0.00001 ( 1)  0.060 +-  0.097
 166 N   0.99930 0.00070 0.00000 ( 1)  0.051 +-  0.025
 167 V   0.99989 0.00011 0.00000 ( 1)  0.050 +-  0.010
 168 A   0.99979 0.00021 0.00000 ( 1)  0.050 +-  0.014
 169 P   1.00000 0.00000 0.00000 ( 1)  0.050 +-  0.001
 170 C   1.00000 0.00000 0.00000 ( 1)  0.050 +-  0.001
 171 P   1.00000 0.00000 0.00000 ( 1)  0.050 +-  0.001
 172 N   0.99996 0.00004 0.00000 ( 1)  0.050 +-  0.006
 173 I   0.00000 0.98498 0.01502 ( 2)  1.008 +-  0.066
 174 V   0.99969 0.00031 0.00000 ( 1)  0.050 +-  0.017
 175 D   1.00000 0.00000 0.00000 ( 1)  0.050 +-  0.001
 176 C   1.00000 0.00000 0.00000 ( 1)  0.050 +-  0.001
 177 Y   1.00000 0.00000 0.00000 ( 1)  0.050 +-  0.001
 178 I   0.99809 0.00190 0.00001 ( 1)  0.052 +-  0.042
 179 A   1.00000 0.00000 0.00000 ( 1)  0.050 +-  0.001
 180 R   0.99933 0.00066 0.00000 ( 1)  0.051 +-  0.025
 181 P   1.00000 0.00000 0.00000 ( 1)  0.050 +-  0.001
 182 T   1.00000 0.00000 0.00000 ( 1)  0.050 +-  0.002
 183 E   0.99990 0.00010 0.00000 ( 1)  0.050 +-  0.010
 184 K   0.99989 0.00011 0.00000 ( 1)  0.050 +-  0.010
 185 K   0.99953 0.00047 0.00000 ( 1)  0.050 +-  0.021
 186 I   0.98053 0.01944 0.00003 ( 1)  0.069 +-  0.131
 187 F   1.00000 0.00000 0.00000 ( 1)  0.050 +-  0.001
 188 T   1.00000 0.00000 0.00000 ( 1)  0.050 +-  0.001
 189 Y   1.00000 0.00000 0.00000 ( 1)  0.050 +-  0.001
 190 F   1.00000 0.00000 0.00000 ( 1)  0.050 +-  0.001
 191 M   0.99998 0.00002 0.00000 ( 1)  0.050 +-  0.004
 192 V   0.99988 0.00012 0.00000 ( 1)  0.050 +-  0.010
 193 G   0.99994 0.00006 0.00000 ( 1)  0.050 +-  0.007
 194 A   1.00000 0.00000 0.00000 ( 1)  0.050 +-  0.001
 195 S   0.99986 0.00014 0.00000 ( 1)  0.050 +-  0.011
 196 A   0.99993 0.00007 0.00000 ( 1)  0.050 +-  0.008
 197 V   0.98392 0.01605 0.00003 ( 1)  0.065 +-  0.120
 198 C   1.00000 0.00000 0.00000 ( 1)  0.050 +-  0.002
 199 I   1.00000 0.00000 0.00000 ( 1)  0.050 +-  0.001
 200 V   0.99964 0.00036 0.00000 ( 1)  0.050 +-  0.018
 201 L   1.00000 0.00000 0.00000 ( 1)  0.050 +-  0.001
 202 T   1.00000 0.00000 0.00000 ( 1)  0.050 +-  0.001
 203 I   0.99959 0.00041 0.00000 ( 1)  0.050 +-  0.019
 204 C   0.99824 0.00176 0.00000 ( 1)  0.052 +-  0.040
 205 E   0.99993 0.00007 0.00000 ( 1)  0.050 +-  0.008
 206 L   0.99998 0.00002 0.00000 ( 1)  0.050 +-  0.004
 207 C   1.00000 0.00000 0.00000 ( 1)  0.050 +-  0.001
 208 Y   1.00000 0.00000 0.00000 ( 1)  0.050 +-  0.001
 209 L   1.00000 0.00000 0.00000 ( 1)  0.050 +-  0.002
 210 I   0.99459 0.00541 0.00000 ( 1)  0.055 +-  0.070
 211 C   0.99946 0.00054 0.00000 ( 1)  0.051 +-  0.022
 212 H   1.00000 0.00000 0.00000 ( 1)  0.050 +-  0.001
 213 R   0.99987 0.00013 0.00000 ( 1)  0.050 +-  0.011
 214 V   0.99899 0.00101 0.00000 ( 1)  0.051 +-  0.030
 215 L   0.35218 0.63064 0.01718 ( 2)  0.676 +-  0.471
 216 R   0.00000 0.22888 0.77112 ( 3)  2.784 +-  1.655
 217 G   0.07287 0.92369 0.00344 ( 2)  0.933 +-  0.249
 218 L   0.00015 0.94018 0.05968 ( 2)  1.047 +-  0.227
 219 H   0.00012 0.98993 0.00995 ( 2)  1.005 +-  0.053
 220 K   0.93381 0.06585 0.00034 ( 1)  0.113 +-  0.237
 221 D   0.93991 0.05996 0.00012 ( 1)  0.107 +-  0.226
 222 K   0.06497 0.92736 0.00767 ( 2)  0.942 +-  0.240
 223 P   0.55686 0.43982 0.00331 ( 1)  0.473 +-  0.475
 224 R   0.00000 0.28400 0.71600 ( 3)  2.520 +-  1.484
 225 G   0.10685 0.87126 0.02188 ( 2)  0.913 +-  0.321
 226 G   0.53040 0.46813 0.00147 ( 1)  0.497 +-  0.475
 227 C   0.00000 0.96134 0.03866 ( 2)  1.023 +-  0.133
 228 S   0.00432 0.99049 0.00519 ( 2)  0.999 +-  0.072
 229 P   0.00020 0.99096 0.00884 ( 2)  1.004 +-  0.051
 230 S   0.00347 0.94361 0.05291 ( 2)  1.037 +-  0.214
 231 S   0.04241 0.95350 0.00409 ( 2)  0.962 +-  0.195
 232 S   0.93271 0.06715 0.00014 ( 1)  0.114 +-  0.238
 233 A   0.00000 0.98289 0.01710 ( 2)  1.009 +-  0.072
 234 S   1.00000 0.00000 0.00000 ( 1)  0.050 +-  0.002
 235 R   0.97319 0.02652 0.00029 ( 1)  0.076 +-  0.155
 236 A   0.99993 0.00007 0.00000 ( 1)  0.050 +-  0.008
 237 S   0.99994 0.00005 0.00000 ( 1)  0.050 +-  0.007
 238 T   0.99992 0.00008 0.00000 ( 1)  0.050 +-  0.009
 239 C   1.00000 0.00000 0.00000 ( 1)  0.050 +-  0.001
 240 R   0.99912 0.00088 0.00000 ( 1)  0.051 +-  0.028
 241 C   1.00000 0.00000 0.00000 ( 1)  0.050 +-  0.001
 242 H   1.00000 0.00000 0.00000 ( 1)  0.050 +-  0.001
 243 H   1.00000 0.00000 0.00000 ( 1)  0.050 +-  0.001
 244 K   0.99992 0.00008 0.00000 ( 1)  0.050 +-  0.009
 245 L   0.99700 0.00297 0.00003 ( 1)  0.053 +-  0.052
 246 V   0.99981 0.00019 0.00000 ( 1)  0.050 +-  0.013
 247 E   0.99803 0.00197 0.00001 ( 1)  0.052 +-  0.042
 248 A   0.81883 0.17583 0.00535 ( 1)  0.226 +-  0.378
 249 G   0.24279 0.55403 0.20317 ( 2)  1.203 +-  1.249
 250 E   0.96367 0.03618 0.00015 ( 1)  0.085 +-  0.178
 251 V   0.54563 0.44607 0.00830 ( 1)  0.486 +-  0.482
 252 D   0.15072 0.83451 0.01477 ( 2)  0.865 +-  0.351
 253 P   0.00000 0.75018 0.24982 ( 2)  1.351 +-  0.746
 254 D   0.47297 0.52148 0.00555 ( 2)  0.554 +-  0.479
 255 P   0.00865 0.91401 0.07734 ( 2)  1.066 +-  0.328
 256 G   0.95574 0.04416 0.00010 ( 1)  0.092 +-  0.196
 257 N   0.00000 0.60512 0.39488 ( 2)  1.653 +-  1.014
 258 N   0.99958 0.00042 0.00000 ( 1)  0.050 +-  0.019
 259 K   0.99762 0.00238 0.00001 ( 1)  0.052 +-  0.046
 260 L   0.00991 0.91356 0.07653 ( 2)  1.064 +-  0.327
 261 Q   0.00000 0.75912 0.24088 ( 2)  1.310 +-  0.668
 262 A   0.80056 0.19368 0.00577 ( 1)  0.243 +-  0.391
 263 S   0.98999 0.00983 0.00017 ( 1)  0.060 +-  0.096
 264 A   0.96218 0.03635 0.00147 ( 1)  0.087 +-  0.190
 265 P   1.00000 0.00000 0.00000 ( 1)  0.050 +-  0.001
 266 N   0.11703 0.88035 0.00262 ( 2)  0.890 +-  0.307
 267 L   0.11237 0.87126 0.01637 ( 2)  0.902 +-  0.313
 268 T   1.00000 0.00000 0.00000 ( 1)  0.050 +-  0.001
 269 P   1.00000 0.00000 0.00000 ( 1)  0.050 +-  0.001
 270 I   0.99966 0.00034 0.00000 ( 1)  0.050 +-  0.017

Positively selected sites

	Prob(w>1)  mean w

   216 R      0.771         2.784 +- 1.655
   224 R      0.716         2.520 +- 1.484
