

Model 0: one-ratio

TREE # 1

  0  0.0000   8238.995628  x:  1.60000   0.90000  
  1 99.0000   8225.424791  x:  1.67897   0.60560  
  2 71.3184   8225.163949  x:  1.75389   0.61799  
  3  7.0650   8225.154796  x:  1.75790   0.61209  
  4  0.0131   8225.154790  x:  1.75830   0.61214  
  5  0.0004   8225.154790  x:  1.75829   0.61214  
  6  0.0000   8225.154790  x:  1.75829   0.61214  

Model 1: NearlyNeutral

TREE # 1

  0  0.0000   7980.611427  x:  1.75829   0.76380   0.52138  
  1 99.0000   7492.891535  x:  1.75778   0.81507   0.03943  
  2 852.7695   7492.405095  x:  1.75495   0.82841   0.03973  