

Model 0: one-ratio

TREE # 1

  0  0.0000   8238.995628  x:  1.60000   0.90000  
  1 99.0000   8225.424791  x:  1.67897   0.60560  
  2 71.3184   8225.163949  x:  1.75389   0.61799  
  3  7.0650   8225.154796  x:  1.75790   0.61209  
  4  0.0131   8225.154790  x:  1.75830   0.61214  
  5  0.0004   8225.154790  x:  1.75829   0.61214  
  6  0.0000   8225.154790  x:  1.75829   0.61214  

Model 1: NearlyNeutral

TREE # 1

  0  0.0000   7562.659210  x:  1.75829   0.74218   0.11072  
  1 99.0000   7501.332532  x:  1.75747   0.76757   0.03519  
  2 1088.4960   7492.407971  x:  1.75450   0.82827   0.03948  
  3 291.8727   7491.038478  x:  1.57808   0.82920   0.03922  
  4 14.7938   7490.993965  x:  1.57646   0.82907   0.04063  
  5  0.0066   7490.993363  x:  1.57667   0.82953   0.04067  
  6  0.0006   7490.993363  x:  1.57668   0.82953   0.04067  

Model 2: PositiveSelection

TREE # 1

  0  0.0000   7583.210506  x:  1.57668   0.94932   0.12948   0.37806   2.67250  
  1 99.0000   7395.383023  x:  1.58640   1.01734   0.11019   0.03818   2.72887  
  2 593.7105   7348.876627  x:  1.60997   1.38765   0.03671   0.01179   2.84398  
  3 198.3803   7245.953034  x:  1.80981   2.21007  -0.26365   0.04093   4.16477  
  4 313.2720   7243.241963  x:  1.58304   2.26661  -0.02425   0.04044   4.27231  
  5 14.0227   7238.561415  x:  1.68436   2.39570   0.74805   0.03913   4.46153  
  6 17.1424   7232.941532  x:  1.66540   2.15721   0.44706   0.04530   5.06164  
  7  0.6919   7231.606863  x:  1.73450   2.25190   0.63496   0.05055   5.36161  
  8  0.2688   7231.273788  x:  1.72573   2.22404   0.48633   0.05484   5.45991  
  9  0.1437   7231.178824  x:  1.69865   2.22495   0.52495   0.05701   5.44502  
 10  0.0323   7231.154660  x:  1.71129   2.22815   0.51472   0.05795   5.39184  
 11  0.0344   7231.154541  x:  1.71048   2.22720   0.51274   0.05795   5.38899  
 12  0.0035   7231.154540  x:  1.71044   2.22724   0.51279   0.05795   5.38878  
 13  0.0002   7231.154540  x:  1.71045   2.22724   0.51279   0.05795   5.38878  
 14  0.0000   7231.154540  x:  1.71045   2.22724   0.51279   0.05795   5.38878  

Model 7: beta

TREE # 1

  0  0.0000   7592.732436  x:  1.71045   0.38584   1.12177  
  1 99.0000   7574.318675  x:  1.70351   0.25930   1.10093  
  2 232.1734   7535.539352  x:  1.63913   0.11248   0.64664  
  3 135.7167   7522.233864  x:  1.25091   0.08961   0.49359  
  4  4.9007   7511.444476  x:  1.33848   0.06173   0.32535  
  5 20.9989   7505.015123  x:  1.39086   0.07777   0.31536  
  6  0.2636   7502.882923  x:  1.52246   0.08668   0.36594  
  7  0.2083   7502.797516  x:  1.54935   0.08636   0.35818  
  8  0.0254   7502.792569  x:  1.54817   0.08739   0.36068  
  9  0.0016   7502.792534  x:  1.54766   0.08735   0.36046  
 10  0.0005   7502.792534  x:  1.54764   0.08736   0.36046  
 11  0.0000   7502.792534  x:  1.54764   0.08736   0.36046  

Model 8: beta&w>1

TREE # 1

  0  0.0000   7389.205724  x:  1.54764   0.90000   1.00481   1.54359   2.93740  
  1 99.0000   7377.468515  x:  1.54964   0.94570   0.98184   1.55455   2.94633  
  2 385.0960   7274.080521  x:  1.60086   0.94267   0.33785   1.83274   3.18333  
  3 261.4704   7265.277462  x:  1.74855   0.93170   0.50854   1.97907   3.78351  
  4 30.9829   7255.977616  x:  1.43564   0.93392   0.38932   1.39115   4.55283  
  5 18.2404   7244.240007  x:  1.66108   0.93866   0.17606   0.57930   5.22640  
  6 52.3451   7241.561845  x:  1.63226   0.92852   0.15488   0.70278   5.15985  
  7  1.2135   7238.849677  x:  1.64049   0.91640   0.19755   0.89543   5.14631  
  8  0.5773   7238.169614  x:  1.66405   0.91465   0.16352   0.70968   5.24123  
  9  0.2925   7238.051209  x:  1.70154   0.91553   0.16800   0.70846   5.17296  
 10  0.0619   7238.017286  x:  1.69095   0.91488   0.16917   0.72405   5.08499  
 11  0.0484   7238.015130  x:  1.69060   0.91500   0.16720   0.71565   5.08049  
 12  0.0107   7238.014961  x:  1.69120   0.91501   0.16718   0.71698   5.07932  
 13  0.0020   7238.014961  x:  1.69124   0.91501   0.16717   0.71697   5.07932  
 14  0.0000   7238.014961  x:  1.69124   0.91501   0.16717   0.71697   5.07932  